# x y yerr
-5.000000000000000000e+00 5.202944197443936103e-01 3.035192615667598945e-02
-4.898989898989898784e+00 5.034268267152957055e-01 1.276571058729157951e-02
-4.797979797979797567e+00 5.166578155476906353e-01 1.957592225915359349e-02
-4.696969696969697239e+00 4.871291031745049738e-01 7.611666773199767672e-03
-4.595959595959596022e+00 4.993577203945048226e-01 6.910894771207817810e-02
-4.494949494949494806e+00 5.170426067250152302e-01 2.019071704476198270e-02
-4.393939393939393590e+00 5.005714771957934239e-01 8.295168740595815909e-03
-4.292929292929293261e+00 5.107901497978082350e-01 1.913738738860390823e-02
-4.191919191919192045e+00 5.188058022116097678e-01 5.519886910324454249e-02
-4.090909090909090828e+00 5.062524703929566217e-01 1.123573702580446358e-02
-3.989898989898989612e+00 4.960566641704997060e-01 1.420162263915401846e-02
-3.888888888888888840e+00 5.106273390353572861e-01 6.299899271210713039e-03
-3.787878787878788067e+00 5.029927263228837209e-01 4.306962999566021910e-02
-3.686868686868686851e+00 5.158975335692506103e-01 7.305240701968335193e-02
-3.585858585858585634e+00 5.073127807089311547e-01 1.787493992332540600e-03
-3.484848484848484862e+00 4.975003988686902412e-01 4.341342318041956257e-03
-3.383838383838384090e+00 5.015911321402689582e-01 4.113331352350866818e-03
-3.282828282828282873e+00 5.279097752544715805e-01 4.623813018654740481e-02
-3.181818181818181657e+00 5.224001123697200599e-01 2.690589185307231193e-02
-3.080808080808080884e+00 5.156597899467915136e-01 3.972289348438989842e-03
-2.979797979797979668e+00 5.102396348757316513e-01 2.131755106124353510e-02
-2.878787878787878896e+00 4.928218544222557895e-01 5.891130891803338793e-02
-2.777777777777777679e+00 5.196123982154929877e-01 2.131578816214833513e-02
-2.676767676767676907e+00 5.042599932309881350e-01 4.031038227145500308e-02
-2.575757575757575690e+00 5.273508834975407789e-01 9.976883300943724386e-02
-2.474747474747474918e+00 5.097696645673336358e-01 5.275595194272281879e-02
-2.373737373737373701e+00 5.231151872440887862e-01 3.561401110486309141e-02
-2.272727272727272929e+00 5.169447879691205783e-01 4.598104852494493827e-02
-2.171717171717171713e+00 5.268196228960325689e-01 1.353284346764350825e-02
-2.070707070707070940e+00 5.346043273033389553e-01 3.691968963824777961e-02
-1.969696969696969724e+00 5.135582155510397540e-01 1.617936903174912663e-02
-1.868686868686868952e+00 5.184662168668483506e-01 4.363342429849972198e-02
-1.767676767676767735e+00 5.241156091486818269e-01 3.029034902363610463e-02
-1.666666666666666519e+00 5.378171373376285924e-01 4.550973588597692632e-02
-1.565656565656565746e+00 5.789908938656664894e-01 8.984291584412681941e-02
-1.464646464646464530e+00 5.362323463397065115e-01 6.318504729005948450e-02
-1.363636363636363757e+00 5.650220449527094679e-01 2.216180638611312675e-02
-1.262626262626262541e+00 5.662114790323626856e-01 7.493154909705692854e-03
-1.161616161616161769e+00 5.717096510966205303e-01 4.625879635631875014e-02
-1.060606060606060552e+00 6.064064266807154269e-01 2.136182736850534766e-02
-9.595959595959593358e-01 6.397022970909577166e-01 8.911624691104780326e-04
-8.585858585858590075e-01 6.889407856413531928e-01 3.337291901852049159e-02
-7.575757575757577911e-01 6.100791250378705399e-01 1.350248123831132227e-02
-6.565656565656565746e-01 7.053591474404791173e-01 2.129838495595267472e-02
-5.555555555555553582e-01 7.504287196673029570e-01 3.051372110300382481e-02
-4.545454545454550299e-01 7.898960029641418634e-01 3.513944209250361578e-02
-3.535353535353538135e-01 8.759611818062833510e-01 8.062232345934356587e-03
-2.525252525252525970e-01 1.017295862209265600e+00 3.512801822807557622e-02
-1.515151515151513806e-01 1.064378414274424145e+00 1.817820260914511377e-02
-5.050505050505016413e-02 1.108483397205812393e+00 2.513269510975849746e-02
5.050505050505016413e-02 1.062053897469438235e+00 1.370924165540412208e-02
1.515151515151513806e-01 1.032698530341950249e+00 1.558956624731330266e-02
2.525252525252525970e-01 8.736531126569975214e-01 2.042798005668392675e-02
3.535353535353538135e-01 8.413871042453122673e-01 1.322901420955715709e-02
4.545454545454541417e-01 7.682870310236775691e-01 3.920254012392221377e-02
5.555555555555553582e-01 7.907066322804876535e-01 5.998997817276666145e-02
6.565656565656565746e-01 6.710434208480482443e-01 3.664454847424439277e-02
7.575757575757577911e-01 6.644077295245431891e-01 2.286831386524520310e-02
8.585858585858581193e-01 6.181119743231890951e-01 1.697148952006909822e-02
9.595959595959593358e-01 5.764410905954421294e-01 1.903982214892879082e-02
1.060606060606060552e+00 6.054033670988436810e-01 5.379579478582884912e-03
1.161616161616161769e+00 5.991946005392090324e-01 2.265145602055899932e-02
1.262626262626262097e+00 5.566912577300124898e-01 7.853343264162921181e-03
1.363636363636363313e+00 5.467941766199274634e-01 2.438024591224158960e-02
1.464646464646464530e+00 5.616356193907310335e-01 5.855506930645666686e-02
1.565656565656565746e+00 5.470315414287433287e-01 7.082293445620789496e-02
1.666666666666666963e+00 5.689421019894919107e-01 5.970587797488813991e-03
1.767676767676767291e+00 5.612137204575243787e-01 1.762143116214218500e-02
1.868686868686868507e+00 5.367325805421502283e-01 3.742374087864905330e-02
1.969696969696969724e+00 5.173560498366959193e-01 1.291354463090981647e-02
2.070707070707070940e+00 5.282303706974067481e-01 1.555427223358359437e-03
2.171717171717171269e+00 5.188269773330090873e-01 7.261371236858198824e-03
2.272727272727272485e+00 5.289853465544819278e-01 5.552463327844679719e-02
2.373737373737373701e+00 5.355633029697176584e-01 5.075000344249624290e-02
2.474747474747474918e+00 5.333683066712728849e-01 2.377913153343755304e-02
2.575757575757575246e+00 5.067704080374109132e-01 9.391220159491604422e-03
2.676767676767676463e+00 5.322350216311438897e-01 2.787653570332568331e-02
2.777777777777777679e+00 5.121774307499867840e-01 1.241064246369094626e-02
2.878787878787878896e+00 5.159985407457616802e-01 2.577666803133522172e-02
2.979797979797979224e+00 5.181803924692054419e-01 2.028877342349295551e-02
3.080808080808081328e+00 4.930836822488994242e-01 2.857139302824473343e-02
3.181818181818181657e+00 5.253152778870008310e-01 5.879879994900373552e-02
3.282828282828281985e+00 5.057753442403644106e-01 3.803196049352897123e-02
3.383838383838384090e+00 5.059353501261797392e-01 2.953486461621458378e-02
3.484848484848484418e+00 5.225261211306140297e-01 6.803287717329008222e-02
3.585858585858586522e+00 4.975329983288639402e-01 4.887037741222529513e-02
3.686868686868686851e+00 5.275720913005864654e-01 3.322154796867060611e-02
3.787878787878787179e+00 5.072698440699151545e-01 8.259684452154970880e-02
3.888888888888889284e+00 5.339423350341789831e-01 4.731696991509539048e-03
3.989898989898989612e+00 4.947170027626210942e-01 3.341666325715064029e-02
4.090909090909089940e+00 5.001194807242651530e-01 1.605236695599846983e-02
4.191919191919192045e+00 5.306996443911503603e-01 1.851805974566121671e-02
4.292929292929292373e+00 4.986568414334756061e-01 1.429312340104464847e-02
4.393939393939394478e+00 4.944045976891834893e-01 6.090114465033807239e-02
4.494949494949494806e+00 4.996985577604056150e-01 2.562744003620199065e-02
4.595959595959595134e+00 5.065364865606654110e-01 5.165586210177635501e-02
4.696969696969697239e+00 4.916490872493627373e-01 4.405042443566555693e-02
4.797979797979797567e+00 5.269515405068574410e-01 1.243964005883189256e-02
4.898989898989899672e+00 5.087414935622959211e-01 1.703383792662440527e-02
5.000000000000000000e+00 5.019431728116549030e-01 1.019896920531416888e-02
