0.000000000000000000e+00 2.290130302643653692e+00 2.500000000000000000e+00
1.111111111111111160e+00 6.821114555239493171e+00 2.500000000000000000e+00
2.222222222222222321e+00 1.320899627274430266e+01 2.500000000000000000e+00
3.333333333333333481e+00 2.127715573849195962e+01 2.500000000000000000e+00
4.444444444444444642e+00 2.734449196716999353e+01 2.500000000000000000e+00
5.555555555555555358e+00 3.498411111339557777e+01 2.500000000000000000e+00
6.666666666666666963e+00 4.426237464977437241e+01 2.500000000000000000e+00
7.777777777777778567e+00 5.360404492922583586e+01 2.500000000000000000e+00
8.888888888888889284e+00 6.125959875926630360e+01 2.500000000000000000e+00
1.000000000000000000e+01 7.175831395911369270e+01 2.500000000000000000e+00
